1.989e30 0.0 0.0 0.0 0.0 0.0 0.0
3.301e23 5.791e10 0.0 0.0 0.0 47400.0 0.0
4.867e24 1.082e11 0.0 0.0 0.0 35020.0 0.0
5.972e24 1.496e11 0.0 0.0 0.0 29780.0 0.0
6.417e23 2.279e11 0.0 0.0 0.0 24077.0 0.0
1.898e27 7.785e11 0.0 0.0 0.0 13070.0 0.0
5.683e26 1.433e12 0.0 0.0 0.0 9640.0 0.0
8.681e25 2.872e12 0.0 0.0 0.0 6810.0 0.0
1.024e26 4.495e12 0.0 0.0 0.0 5430.0 0.0
7.348e22 1.499844e11 0.0 0.0 0.0 30800.0 0.0
8.931e22 7.789217e11 0.0 0.0 0.0 29740.0 0.0
4.799e22 7.791711e11 0.0 0.0 0.0 26770.0 0.0
1.345e23 1.434222e12 0.0 0.0 0.0 15197.0 0.0
2.14e22 4.495354e12 0.0 0.0 0.0 9850.0 0.0