1e25 1e8 -1e11 0.0 0.0 0.0 500.0 0.0
1e25 1e8 1e11 0.0 0.0 0.0 -500.0 0.0
1e25 1e8 0.0 -1e11 0.0 500.0 0.0 0.0
1e25 1e8 0.0 1e11 0.0 -500.0 0.0 0.0
1e25 1e8 7e10 7e10 0.0 -300.0 300.0 0.0
1e25 1e8 -7e10 -7e10 0.0 300.0 -300.0 0.0
1e25 1e8 5e10 -5e10 5e10 400.0 400.0 -400.0
1e25 1e8 -5e10 5e10 -5e10 -400.0 -400.0 400.0
1e25 1e8 3e10 3e10 -3e10 200.0 -200.0 200.0
1e25 1e8 -3e10 -3e10 3e10 -200.0 200.0 -200.0
1e25 1e8 1e10 -1e10 0.0 100.0 0.0 -100.0
1e25 1e8 -1e10 1e10 0.0 -100.0 0.0 100.0
1e25 1e8 0.0 0.0 1e11 0.0 -300.0 300.0
1e25 1e8 0.0 0.0 -1e11 0.0 300.0 -300.0
1e25 1e8 5e9 5e9 5e9 200.0 -200.0 0.0
1e25 1e8 -5e9 -5e9 -5e9 -200.0 200.0 0.0
