1e+30 1000000000.0 0.0 0.0 0.0 0.0 0.0 0.0
1e+20 10000.0 -91633809308.27647 62393607447.316025 -97131577.44106418 -13809.772986319325 -20281.598647545554 0.0
1e+20 10000.0 8906577035.740965 -109864856295.6329 8724791.41051267 24526.738452075155 1988.3454347863265 0.0
1e+20 10000.0 -47027059860.661156 100523530360.20409 -90210391.01716775 -22212.859140970897 -10391.651116467532 0.0
1e+20 10000.0 -77378297693.11157 78465686986.37602 -58685566.35920419 -17522.82876698775 -17279.994770106576 0.0
1e+20 10000.0 74780876115.17992 81816785232.65645 34012950.69721177 -18112.69168740714 16555.074234911546 0.0
1e+20 10000.0 -69223667046.53975 85911069661.20511 -48889419.43257603 -19151.982071217935 -15431.892949389825 0.0
1e+20 10000.0 103710902363.02419 -39267724627.03194 -93753067.88669337 8686.908275486006 22943.19583201103 0.0
1e+20 10000.0 -83747161854.18745 71029159466.65509 44787099.12985924 -15946.427264260283 -18801.68701310585 0.0
1e+20 10000.0 101649056278.10185 40076541405.075 3371414.4675382525 -9065.179620984267 22992.676542388563 0.0
1e+20 10000.0 3270764228.495389 109947994399.15479 -49083584.43068226 -24621.872802530354 732.458479494546 0.0
1e+20 10000.0 -67782449178.069374 -87007403572.44731 56842581.91362122 19405.807304932605 -15117.945064419111 0.0
1e+20 10000.0 -7140871361.390719 110561342887.36177 -6590852.237649903 -24493.185958568214 -1581.9515717979773 0.0
1e+20 10000.0 63937769583.24362 89634961870.61534 -89134016.67059416 -20044.124977030326 14297.731794977617 0.0
1e+20 10000.0 -43340009527.09562 101619878092.43674 69056087.34017837 -22608.896541839666 -9642.501151488577 0.0
1e+20 10000.0 91649288271.06055 60819136759.75849 -1522979.0860818326 -13620.49423416596 20524.931279316483 0.0
1e+20 10000.0 -109022231789.83185 17278335763.845314 -82266562.06797889 -3849.0360904373542 -24286.511765627372 0.0
1e+20 10000.0 110436063369.84758 1884133854.2181637 -8820003.706092685 -419.3275959629176 24578.343442431724 0.0
1e+20 10000.0 105302430656.6013 -28569345751.95103 45609078.59849188 6476.066823201841 23869.835294746197 0.0
1e+20 10000.0 103853347998.42953 34333479955.078358 -49819006.2389261 -7753.629764487789 23453.504021028493 0.0
1e+20 10000.0 -88678263565.73831 -66565705447.22108 38596480.45458868 14728.60343374976 -19621.319544023936 0.0
1e+20 10000.0 26602079112.875496 106798269599.91275 -28091299.09970838 -23895.369068119508 5952.029941709771 0.0
1e+20 10000.0 88942306348.94254 -64428471246.33229 -84844605.03171018 14461.809239146012 19964.258701564573 0.0
1e+20 10000.0 -38348774877.513626 -103440343776.2934 53667389.63822356 23062.724522889173 -8550.118826974393 0.0
1e+20 10000.0 109475757102.12837 10761518085.888855 -63273249.2640051 -2409.7230978253615 24513.85189667953 0.0
1e+20 10000.0 94334121761.09065 -56431083778.89349 74477529.66683218 12649.680526828888 21146.085156406185 0.0
1e+20 10000.0 -53350434098.620674 -96535897523.64542 -40077484.94818115 21530.078420194226 -11898.568919539597 0.0
1e+20 10000.0 -37432391600.81085 -102846077155.37599 6643908.742253929 23205.38498407926 -8445.952261838169 0.0
1e+20 10000.0 -106945704706.28467 28313042389.989178 60207244.452257484 -6286.075997265875 -23744.139471304523 0.0
1e+20 10000.0 -27510478763.90235 -106846415526.69415 -69677660.40635931 23818.53569092381 -6132.721599338089 0.0
1e+20 10000.0 -59035706629.75756 -92866563392.06155 -79370392.84199253 20783.55862777914 -13212.204964363098 0.0
1e+20 10000.0 -106129586482.00523 -25410315126.000633 -26325949.35326092 5758.3983266326895 -24050.722321773344 0.0
1e+20 10000.0 31742017818.98117 106174938169.62392 -67405595.4778755 -23513.011048475702 7029.440549202445 0.0
1e+20 10000.0 -81680426187.63264 73048720324.59499 -21473507.86165932 -16451.961505546285 -18395.985876608134 0.0
1e+20 10000.0 -107503181416.58598 23682137851.006603 -78501353.90453348 -5297.323940615249 -24046.780750673643 0.0
1e+20 10000.0 -92260081576.96434 -59456949684.55741 -72186451.72276002 13358.106788313466 -20727.938929630196 0.0
1e+20 10000.0 -22143241012.848274 -108421600900.03183 -84794280.96942265 24062.154565840447 -4914.279842916949 0.0
1e+20 10000.0 -75983719389.14331 78913688472.53754 97039211.56919777 -17780.540351914227 -17120.370557224145 0.0
1e+20 10000.0 -108971705576.15732 -13486765113.030178 30638708.529658824 3028.228392711231 -24467.7808252973 0.0
1e+20 10000.0 -21355909642.517284 108346977330.57266 -88234474.08557397 -24120.122298433427 -4754.236482298809 0.0
1e+20 10000.0 91217875617.5914 -62499518226.93512 -82703274.4099338 13886.490819844501 20267.295305702028 0.0
1e+20 10000.0 108161899350.08783 22853352511.998413 77801294.89477074 -5079.435710168631 24040.298409174582 0.0
1e+20 10000.0 -93414437490.65413 59111620778.619804 15534865.955865324 -13138.947414371636 -20763.554877465645 0.0
1e+20 10000.0 94030905180.38087 55978689092.731964 -67467712.32796407 -12633.026026645115 21220.483932464613 0.0
1e+20 10000.0 95849037599.96617 -52414244380.173615 68445029.60336655 11859.181696556892 21686.68394975624 0.0
1e+20 10000.0 91836021015.11086 59958873943.88687 39134849.41632202 -13486.098167406122 20655.984898462713 0.0
1e+20 10000.0 92857035389.07617 -58629901439.81576 -3454695.3713670373 13161.77305652659 20845.39111407927 0.0
1e+20 10000.0 -95089948754.45996 53451051490.526276 -30800044.474093392 -12120.573407548347 -21562.61985608872 0.0
1e+20 10000.0 -101532407346.34393 43137903525.187164 7131082.751588047 -9618.376342059028 -22638.487848677563 0.0
1e+20 10000.0 -99481554336.10147 -49186379898.579216 70933347.47926885 10869.226654795542 -21983.47518723733 0.0
1e+20 10000.0 -109791877304.36703 -9410740602.762253 -12708920.692752734 2101.778961791515 -24520.73302564322 0.0
